123123123123123123123123123123
1231231231231231231231231231231
23123123123123123123123123123123123123
1231231231231231231231231231231231231231231
2312312312312312312312312312312312312312312312312
3123123123123123123123123123123123123123123123123123123
1231231231231231231231231231231231231231231231231231231231231231231
23123123123123123123123123123123123123123123123123123123123123123123123123
12312312312312312312312312312312312312312312312312312312312312312312312312312312
3123123123123123123123123123123123123123123123123123123123123123123123123123123123
12312312312312312312312312312312312312312312312312312312312312312312
31231231231231231231231231231231231231231231
23123123123123123123123123123123123123123
1231231231231231231231231231
231231231231231231231231
23123123123123123123123
12312312312312312312312312
3123123123123123123123123123
12312312312312312312312312312312312
3123123123123123123123123123123123123123
2312312312312312312312312312312
3123123123123123123123123